0.025 1.31
8.944 24.67
16.211 66.13
19.846 87.18
24.05 110.17
34.193 141.57
35.257 152.65
36.851 182.23
41.297 189.88
46.478 220.6
53.881 254.02
55.889 272.69
59.371 294.23
65.687 312.57
71.616 341.75
73.183 359.02
74.952 377.88
78.627 403.67
86.469 435.48
88.503 459.22
94.389 515.38
95.602 545.8
98.958 554.26
100.608 572.17
102.16 599.82
104.439 639.35
107.436 667.42
108.836 682.74
112.498 719.03
114.322 742.55
119.077 767.55
126.162 805.87
127.532 844.38
128.415 862.09
129.114 898.51
129.839 917.48
136.028 970.09
140.134 989.76
142.127 1009.28
143.213 1027.2
144.673 1056.68
146.373 1069.55
147.579 1101.83
149.479 1121.99
150.854 1129.86
152.203 1143.93
154.556 1179.47
157.362 1215.63
166.344 1267.54
175.183 1341.69
187.314 1438.79
189.145 1456.79
190.572 1469.42
194.797 1488.92
196.581 1509.85
198.586 1540.73
201.382 1580.91
204.894 1618.46
206.632 1643.81
208.953 1652.26
210.472 1676.11
213.743 1699.59
219.041 1792.47
221.158 1821.66
234.773 1890.11
236.641 1908.33
240.942 1926.91
244.136 1954.36
249.637 1993.53
263.794 2155.98
269.244 2190.81
282.069 2298.78
